 ダノングッド, ノンコノユメ
 ダノングッド, ノボバカラ
 ダノングッド, アルタイル
 ダノングッド, ゴールデンバローズ
 ダノングッド, ブチコ
 ダノングッド, イーデンホール
 ダノングッド, マイネルオフィール
 ダノングッド, クワドループル
 ダノングッド, ミッキーシーガル
 ダノングッド, ラインルーフ
 ダノングッド, ダイワインパルス
 ダノングッド, アキトクレッセント
 ダノングッド, タップザット
 ダノングッド, マイネルサクセサー
 ダノングッド, ピンストライプ
 ダノングッド, ニシケンモノノフ
 ダノングッド, キングズガード
 ダノングッド, ブライトライン
 ダノングッド, グレープブランデー
 ダノングッド, カフジテイク
 ダノングッド, ワンダーコロアール
 ダノングッド, キクノストーム
 ダノングッド, マルカフリート
 ダノングッド, タガノトネール
 ダノングッド, ワイドバッハ
 ダノングッド, クラリティスカイ
 ダノングッド, ムスカテール
 ダノングッド, ポメグラネイト
 ダノングッド, コーリンベリー
 ダノングッド, ゴーイングパワー
 ダノングッド, タールタン
 ダノングッド, スウィープアウェイ
 ダノングッド, エイシンブルズアイ
 ダノングッド, キタサンミカヅキ
 ダノングッド, マキャヴィティ
 ダノングッド, サトノタイガー
 ダノングッド, カジキ
 ダノングッド, テムジン
 ダノングッド, フラットライナーズ
 ダノングッド, ルックスザットキル
ダノングッド,マテラスカイ
ダノングッド,インカンテーション
ダノングッド,ウインムート
ダノングッド,サクセスエナジー
ダノングッド,ブラゾンドゥリス
ダノングッド,ドリームキラリ
ダノングッド,キングズガード
ダノングッド,ナムラミラクル
ダノングッド,ブライトライン
ダノングッド,ルグランフリソン
ダノングッド,エイシンヴァラー
ダノングッド,ドライヴナイト
ダノングッド,サイタスリーレッド
