葵ステークス
ディアンドル
アスターペガサス
アウィルアウェイ
ディープダイバー
ケイアイサクソニー
エイティーンガール
ウィンターリリー
タマモメイトウ
メイショウケイメイ
ホープフルサイン
ニホンピロヘンソン
マリアズハート
アズマヘリテージ
ドゴール
ジャスティン
ジャカランダシティ
