 クールホタルビ, エフェクト,2
 ダノングラシアス, エフェクト,2
 ウインソワレ, エフェクト,1
 エフェクト, ムーンエクスプレス,1
 エフェクト, レオパルディナ,1
 エフェクト, タガノヴェルリー,1
 エフェクト, ペルフィカ,1
 エフェクト, オールオブユー,1
 エフェクト, ルアンジュ,1
 エフェクト, ダイワプロパー,1
 エフェクト, ニューエディション,1
 エフェクト, シゲルチャグチャグ,1
 エフェクト, シンフォニア,1
 クイーンズリング, エフェクト,1
 ペルフィカ, エフェクト,1
 ムーンエクスプレス, エフェクト,2
 スマートプラネット, エフェクト,2
 ラッフォルツァート, エフェクト,1
 ノーブルヴィーナス, エフェクト,1
 レオパルディナ, エフェクト,2
 スマートグレイス, エフェクト,1
 グレイスフルワード, エフェクト,1
 バチスタ, エフェクト,1
 エフェクト, ダノングラシアス,1
 エフェクト, クールホタルビ,1
 エフェクト, ラホーヤビーチ,1
 エフェクト, オーミアリス,1
 エフェクト, コートシャルマン,1
 エフェクト, ウィッシュハピネス,1
 エフェクト, ラクアミ,1
 ショウナンアデラ, エフェクト,1
 レッツゴードンキ, エフェクト,1
 ココロノアイ, エフェクト,1
 アルマオンディーナ, エフェクト,1
 ロカ, エフェクト,1
 オーミアリス, エフェクト,1
 コートシャルマン, エフェクト,1
 ダイワプロパー, エフェクト,1
 カボスチャン, エフェクト,1
 アローシルバー, エフェクト,1
 エフェクト, トーセンラーク,1
 エフェクト, アカリアイドル,1
